
			85	44	4	54	11	3	1	0	64	13	2	0	51	45	0	0	252	255	255	255	168	14	0	0	206	7	0	0	2	1	3	54	0	0	0	0	0	0	0	0	16	1	141	63
452.92		85	44	4	54	11	9	2	0	0	13	2	0	51	45	0	0	252	255	255	255	168	14	0	0	206	7	0	0	2	1	3	54	0	0	0	0	0	0	0	0	16	1	91	147
197.50		85	21	4	169	11	9	3	0	0	13	3	0	3	40	15	40	15	41	15	148	138

			85	14	4	102	11	3	4	0	64	14	1	1	215	64
110.92		85	14	4	102	11	3	5	0	64	14	2	0	29	127
487.58		85	44	4	54	11	3	6	0	64	13	2	0	51	45	0	0	252	255	255	255	168	14	0	0	206	7	0	0	2	1	3	54	0	0	0	0	0	0	0	0	16	1	83	98
465.79		85	44	4	54	11	9	7	0	0	13	2	0	51	45	0	0	252	255	255	255	168	14	0	0	206	7	0	0	2	1	3	54	0	0	0	0	0	0	0	0	16	1	10	158
210.25		85	21	4	169	11	9	8	0	0	13	3	0	3	40	15	40	15	41	15	11	169

989367.96	85	44	4	54	11	3	9	0	64	13	2	0	94	45	0	0	132	254	255	255	168	14	0	0	206	7	0	0	2	1	3	54	0	0	0	0	0	0	0	0	16	1	176	212
453.12		85	44	4	54	11	9	10	0	0	13	2	0	94	45	0	0	132	254	255	255	168	14	0	0	206	7	0	0	2	1	3	54	0	0	0	0	0	0	0	0	16	1	102	120
197.54		85	21	4	169	11	9	11	0	0	13	3	0	3	32	15	33	15	32	15	223	168

991571.75	85	14	4	102	11	3	12	0	64	14	1	1	143	97
110.88		85	14	4	102	11	3	13	0	64	14	2	0	69	94
487.54		85	44	4	54	11	3	14	0	64	13	2	0	243	44	0	0	136	252	255	255	168	14	0	0	209	7	0	0	2	1	3	54	0	0	0	0	0	0	0	0	16	1	105	150
465.71		85	44	4	54	11	9	15	0	0	13	2	0	243	44	0	0	136	252	255	255	168	14	0	0	209	7	0	0	2	1	3	54	0	0	0	0	0	0	0	0	16	1	48	106
210.37		85	21	4	169	11	9	16	0	0	13	3	0	3	6	15	4	15	3	15	85	164

989185.08	85	29	4	223	11	2	17	0	64	0	50	19	14	48	57	51	88	69	53	57	48	53	52	48	48	83	72	103	253
482.87		85	44	4	54	11	3	18	0	64	13	2	0	30	45	0	0	236	241	255	255	168	14	0	0	209	7	0	0	2	1	3	54	0	0	0	0	0	0	0	0	16	1	220	185
465.83		85	44	4	54	11	9	19	0	0	13	2	0	30	45	0	0	236	241	255	255	168	14	0	0	209	7	0	0	2	1	3	54	0	0	0	0	0	0	0	0	16	1	133	69
197.50		85	21	4	169	11	9	20	0	0	13	3	0	3	6	15	4	15	3	15	225	178

988888.67	85	14	4	102	11	3	21	0	64	14	1	1	76	6
110.88		85	14	4	102	11	3	22	0	64	14	2	0	208	49
487.62		85	44	4	54	11	3	23	0	64	13	2	0	114	44	0	0	236	241	255	255	168	14	0	0	209	7	0	0	2	1	3	54	0	0	0	0	0	0	0	0	16	1	149	131
465.79		85	44	4	54	11	9	24	0	0	13	2	0	114	44	0	0	236	241	255	255	168	14	0	0	209	7	0	0	2	1	3	54	0	0	0	0	0	0	0	0	16	1	112	196
210.33		85	21	4	169	11	9	25	0	0	13	3	0	3	230	14	233	14	227	14	14	152


989396.42	85	42	4	156	11	3	26	0	64	14	34	136	19	26	157	44	230	236	255	255	168	14	204	7	25	0	54	0	0	0	0	0	199	14	199	14	201	14	0	0	12	33
2148.63		85	66	4	176	11	3	27	0	64	14	35	114	101	99	111	114	100	32	51	45	52	58	9	48	120	48	48	48	48	32	48	48	48	48	48	48	50	48	48	48	48	48	9	48	120	48	48	48	48	32	48	48	48	48	49	56	50	48	48	48	48	48	9	0	74	16
488.75		85	44	4	54	11	3	28	0	64	13	2	0	157	44	0	0	230	236	255	255	168	14	0	0	209	7	0	0	2	1	3	54	0	0	0	0	0	0	0	0	16	1	124	219
452.92		85	44	4	54	11	9	29	0	0	13	2	0	157	44	0	0	230	236	255	255	168	14	0	0	209	7	0	0	2	1	3	54	0	0	0	0	0	0	0	0	16	1	37	39
197.54		85	21	4	169	11	9	30	0	0	13	3	0	3	199	14	199	14	201	14	84	254

757794.00	85	22	4	252	11	3	38	3	160	13	3	0	0	3	199	14	199	14	201	14	62	178

220103.92   85	14	4	102	11	3	31	0	64	14	2	0	163	20
480.71		85	42	4	156	11	3	32	0	64	14	34	136	19	26	221	44	236	243	255	255	168	14	204	7	25	0	54	0	0	0	0	0	203	14	209	14	216	14	0	0	1	80
754.50		85	44	4	54	11	3	33	0	64	13	2	0	221	44	0	0	236	243	255	255	168	14	0	0	209	7	0	0	2	1	3	54	0	0	0	0	0	0	0	0	16	1	233	229
554.04		85	44	4	54	11	9	34	0	0	13	2	0	221	44	0	0	236	243	255	255	168	14	0	0	209	7	0	0	2	1	3	54	0	0	0	0	0	0	0	0	16	1	63	73
197.25		85	21	4	169	11	9	35	0	0	13	3	0	3	203	14	209	14	216	14	211	26

757920.25	85	22	4	252	11	3	103	5	160	13	3	0	0	3	203	14	209	14	216	14	211	167
40431.46	85	45	4	242	11	4	246	34	160	13	2	0	0	8	45	0	0	236	243	255	255	168	14	0	0	209	7	0	0	2	1	3	54	0	0	0	0	0	0	0	0	16	1	11	82

182215.83	85	42	4	156	11	3	36	0	64	14	34	136	19	26	243	44	236	243	255	255	168	14	204	7	25	0	54	0	0	0	0	0	203	14	209	14	216	14	0	0	201	153
737.54		85	44	4	54	11	3	37	0	64	13	2	0	243	44	0	0	236	243	255	255	168	14	0	0	209	7	0	0	2	1	3	54	0	0	0	0	0	0	0	0	16	1	112	183
488.21		85	44	4	54	11	9	38	0	0	13	2	0	243	44	0	0	236	243	255	255	168	14	0	0	209	7	0	0	2	1	3	54	0	0	0	0	0	0	0	0	16	1	166	27
210.25		85	21	4	169	11	9	39	0	0	13	3	0	3	203	14	209	14	216	14	103	12

757286.25	85	22	4	252	11	3	158	7	160	13	3	0	0	3	245	14	246	14	249	14	50	151
19397.33	85	45	4	242	11	4	198	42	160	13	2	0	0	221	44	0	0	154	250	255	255	168	14	0	0	209	7	0	0	2	1	3	54	0	0	0	0	0	0	0	0	16	1	24	95

205083.92	85	29	4	223	11	2	40	0	64	0	50	19	14	48	57	51	88	69	53	57	48	53	52	48	48	83	72	111	202
119.75		85	14	4	102	11	3	41	0	64	14	2	0	137	203
485.67		85	42	4	156	11	3	42	0	64	14	34	136	19	26	30	45	154	250	255	255	168	14	204	7	25	0	54	0	0	0	0	0	245	14	246	14	249	14	0	0	4	88
2148.50		85	66	4	176	11	3	43	0	64	14	35	114	101	99	111	114	100	32	53	45	54	58	9	48	120	48	48	48	48	32	48	48	48	48	48	48	50	48	48	48	48	48	9	48	120	48	48	48	48	32	48	48	48	48	49	56	50	48	48	48	48	48	9	0	83	87
466.79		85	44	4	54	11	3	44	0	64	13	2	0	30	45	0	0	154	250	255	255	168	14	0	0	209	7	0	0	2	1	3	54	0	0	0	0	0	0	0	0	16	1	95	55
453.08		85	44	4	54	11	9	45	0	0	13	2	0	30	45	0	0	154	250	255	255	168	14	0	0	209	7	0	0	2	1	3	54	0	0	0	0	0	0	0	0	16	1	6	203
197.50		85	21	4	169	11	9	46	0	0	13	3	0	3	245	14	246	14	249	14	73	56

757895.75	85	22	4	252	11	3	182	10	160	13	3	0	0	3	248	14	248	14	250	14	106	82
19392.33	85	45	4	242	11	4	150	50	160	13	2	0	0	243	44	0	0	90	250	255	255	168	14	0	0	206	7	0	0	3	1	3	54	0	0	0	0	0	0	0	0	16	1	38	174

193220.88	85	42	4	156	11	3	47	0	64	14	34	136	19	26	243	44	90	250	255	255	168	14	202	7	26	0	54	0	0	0	0	0	248	14	248	14	250	14	0	0	213	68
741.33		85	44	4	54	11	3	48	0	64	13	2	0	243	44	0	0	90	250	255	255	168	14	0	0	206	7	0	0	3	1	3	54	0	0	0	0	0	0	0	0	16	1	215	107
466.08		85	44	4	54	11	9	49	0	0	13	2	0	243	44	0	0	90	250	255	255	168	14	0	0	206	7	0	0	3	1	3	54	0	0	0	0	0	0	0	0	16	1	142	151
210.21		85	21	4	169	11	9	50	0	0	13	3	0	3	248	14	248	14	250	14	176	232

757289.67	85	22	4	252	11	3	190	13	160	13	3	0	0	3	248	14	248	14	250	14	74	165
19395.42	85	45	4	242	11	4	102	58	160	13	2	0	0	30	45	0	0	90	250	255	255	168	14	0	0	206	7	0	0	3	1	3	54	0	0	0	0	0	0	0	0	16	1	140	59
67460.04	85	16	4	86	11	3	0	14	192	13	35	0	0	0	198	205

136152.08	85	14	4	102	11	3	51	0	64	14	2	0	55	160
480.88		85	42	4	156	11	3	52	0	64	14	34	136	19	26	30	45	216	251	255	255	168	14	202	7	26	0	54	0	0	0	0	0	2	15	2	15	4	15	3	0	233	207
750.71		85	44	4	54	11	3	53	0	64	13	2	0	30	45	0	0	216	251	255	255	168	14	0	0	206	7	0	0	3	1	3	54	0	0	0	0	0	0	0	0	16	1	2	153
465.79		85	44	4	54	11	9	54	0	0	13	2	0	30	45	0	0	216	251	255	255	168	14	0	0	206	7	0	0	3	1	3	54	0	0	0	0	0	0	0	0	16	1	212	53
197.54		85	21	4	169	11	9	55	0	0	13	3	0	3	2	15	2	15	4	15	136	31

406622.96	85	52	4	172	11	3	195	15	192	13	35	0	0	1	207	98	99	225	4	48	248	162	195	218	31	245	33	4	177	107	4	0	183	171	27	166	222	60	30	35	0	0	0	0	0	0	0	0	0	0	61	56

352968.50	85	22	4	252	11	3	233	16	160	13	3	0	0	3	2	15	2	15	4	15	245	192
19389.63	85	45	4	242	11	4	54	66	160	13	2	0	0	30	45	0	0	216	251	255	255	168	14	0	0	206	7	0	0	3	1	3	54	0	0	0	0	0	0	0	0	16	1	191	132

221300.71	85	42	4	156	11	3	56	0	64	14	34	136	19	26	30	45	216	251	255	255	168	14	202	7	26	0	54	0	0	0	0	0	2	15	2	15	4	15	12	0	142	157
2148.79		85	66	4	176	11	3	57	0	64	14	35	114	101	99	111	114	100	32	55	45	56	58	9	48	120	48	48	48	48	32	48	48	48	48	48	48	50	48	48	48	48	48	9	48	120	48	48	48	48	32	48	48	48	48	49	56	50	48	48	48	48	48	9	0	137	180
466.75		85	44	4	54	11	3	58	0	64	13	2	0	30	45	0	0	216	251	255	255	168	14	0	0	206	7	0	0	3	1	3	54	0	0	0	0	0	0	0	0	16	1	241	142
519.08		85	44	4	54	11	9	59	0	0	13	2	0	30	45	0	0	216	251	255	255	168	14	0	0	206	7	0	0	3	1	3	54	0	0	0	0	0	0	0	0	16	1	168	114
196.96		85	21	4	169	11	9	60	0	0	13	3	0	3	2	15	2	15	4	15	23	60

736809.33	85	45	4	242	11	4	6	74	160	13	2	0	0	30	45	0	0	202	251	255	255	168	14	0	0	206	7	0	0	3	1	3	54	0	0	0	0	0	0	0	0	16	1	35	230
17142.96	85	22	4	252	11	3	46	20	160	13	3	0	0	3	2	15	3	15	5	15	20	102

220143.50	85	14	4	102	11	3	61	0	64	14	2	0	149	153
481.00		85	42	4	156	11	3	62	0	64	14	34	136	19	26	30	45	202	251	255	255	168	14	202	7	26	0	54	0	0	0	0	0	2	15	3	15	5	15	0	0	252	234
754.42		85	44	4	54	11	3	63	0	64	13	2	0	30	45	0	0	202	251	255	255	168	14	0	0	206	7	0	0	3	1	3	54	0	0	0	0	0	0	0	0	16	1	221	164
465.96		85	44	4	54	11	9	64	0	0	13	2	0	30	45	0	0	202	251	255	255	168	14	0	0	206	7	0	0	3	1	3	54	0	0	0	0	0	0	0	0	16	1	141	22
197.58		85	21	4	169	11	9	65	0	0	13	3	0	3	2	15	3	15	5	15	36	139


